000000000000111111111110000000
000000000001111111111111000000
000000000011111000011111110000
000000000111100000000111110000
000000000111000000000001110000
000000001111000000000000100000
000000001111000000000000000000
000000001111000000000000000000
000000001111000000000000000000
000000001110000000000000000000
000000001110000000000000000000
000000001110000000000000000000
000000011110001100000000000000
000000011100111111111000000000
000000011111111111111110000000
000000011111110000011111000000
000000011111100000001111000000
000000011111000000000011100000
000000111110000000000011100000
000000111100000000000001110000
000000111100000000000001110000
000000011100000000000001110000
000000011100000000000001110000
000000011100000000000001110000
000000011110000000000011100000
000000011111000000000011100000
000000001111100000000111100000
000000001111111111011111000000
000000000011111111111110000000
000000000000111111111100000000