000000000011111111100000000000
000000011111111111111100000000
000001111111111111111111100000
000001111110000001111111100000
000000111000000000000111110000
000000000000000000000011111000
000000000000000000000000111000
000000000000000000000000111000
000000000000000000000000111000
000000000000000000000011111000
000000000000000000000111110000
000000000000000000011111110000
000000000000000011111111100000
000000000000000111111100000000
000000000000001111111000000000
000000000000001111111100000000
000000000000001111111111000000
000000000000000001111111100000
000000000000000000011111100000
000000000000000000000111110000
000000000000000000000111110000
000000000000000000000111110000
000000000000000000000111110000
000000000000000000000111110000
000000000000000000000111100000
000000000000000000011111100000
000000000000000011111111000000
000000011111111111111100000000
000000111111111111111000000000
000000111111111100000000000000