000000001111110000000000000000
000000011111111110000000000000
000000111111111111000000000000
000001111100001111100000000000
000011110000000011110000000000
000011100000000001111000000000
000111000000000000111000000000
000111000000000000111100000000
000111000000000000111100000000
000111000000000000111100000000
000011100000000001111100000000
000011110000000011111100000000
000001111000000111111100000000
000000111111111111111100000000
000000011111111110011100000000
000000000111111000011100000000
000000000000000000011100000000
000000000000000000011100000000
000000000000000000011100000000
000000000000000000011100000000
000000000000000000011100000000
000000000000000000111100000000
000000000000000000111000000000
000000000000000000111000000000
000000000000000001111000000000
000000000000000111110000000000
000011100000011111100000000000
000011111111111111000000000000
000001111111111100000000000000
000000011111100000000000000000