000000000011111111110000000000
000000000111111111111000000000
000000001111100001111100000000
000000011110000000011110000000
000000011100000000001110000000
000000111100000000001111000000
000000111000000000000111000000
000000111000000000000111100000
000001110000000000000011100000
000001110000000000000011100000
000001110000000000000011110000
000011100000000000000001110000
000011100000000000000001110000
000011100000000000000001110000
000011100000000000000001110000
000011100000000000000001110000
000011100000000000000001110000
000011100000000000000001110000
000011100000000000000001110000
000001110000000000000001110000
000001110000000000000011100000
000001110000000000000011100000
000001111000000000000011100000
000000111000000000000111000000
000000111100000000000111000000
000000011100000000001110000000
000000011110000000011110000000
000000001111100001111100000000
000000000111111111111000000000
000000000011111111110000000000