000000000000000000000000111111
000000000000000000000001111111
000000000000000000000011111111
000000000000000000000111111111
000000000000000000001111111111
000000000000000000011111111111
000000000000000000111111111111
000000000000000001111111011111
000000000000000011111110011111
000000000000000111111100011111
000000000000001111111000011111
000000000000011111110000011111
000000000000111111100000011111
000000000001111111000000011111
000000000011111110000000011111
000000000011111100000000011111
000000000011111000000000011111
000000000001110000000000011111
000000000000000000000000011111
000000000000000000000000011111
000000000000000000000000011111
000000000000000000000000011111
000000000000000000000000011111
000000000000000000000000011111
000000000000000000000000011111
000000000000000000000000011111
000000000000000000000000011111
000000000000000000000000011111
000000000000000000000000011111
000000000000000000000000011111