000000000011111111111111110000
000000000011111111111111110000
000000000011111111111111110000
000000000011100000000000000000
000000000011100000000000000000
000000000011100000000000000000
000000000011100000000000000000
000000000011100000000000000000
000000000011100000000000000000
000000000011100000000000000000
000000000011100000000000000000
000000000011100000000000000000
000000000011100000000000000000
000000000011111111110000000000
000000000001111111111110000000
000000000000111111111111100000
000000000000000000001111110000
000000000000000000000001111000
000000000000000000000000111000
000000000000000000000000111100
000000000000000000000000011100
000000000000000000000000011100
000000000000000000000000011100
000000000000000000000000011100
000000000000000000000000011100
000000000000000000000000111000
000000000000000000000000111000
000000000011111111110111111000
000000000011111111111111110000
000000000011111111111111100000