000001111100000000000000011111
000001111100000000000000011111
000001111100000000000000011111
000001111100000000000000011111
000001111100000000000000011111
000001111100000000000000011111
000001111100000000000000011111
000001111100000000000000011111
000001111100000000000000011111
000001111100000000000000011111
000001111100000000000000011111
000001111100000000000000011111
000001111100000000000000011111
000001111100000000000000011111
000001111111111111111111111111
000001111111111111111111111111
000001111111111111111111111111
000001111111111111111111111111
000000111111111111111111111111
000000000000000000000000011111
000000000000000000000000011111
000000000000000000000000011111
000000000000000000000000011111
000000000000000000000000011111
000000000000000000000000011111
000000000000000000000000011111
000000000000000000000000011111
000000000000000000000000011111
000000000000000000000000011111
000000000000000000000000011111